-0.99                     0                        5.3217125697816226E-5
-0.97                     0                        4.755662265132527E-4
-0.95                     0                        0.0013116064492948996
-0.9299999999999999       0                        0.0025523033813305176
-0.9099999999999999       0                        0.0041886226099078685
-0.8899999999999999       0                        0.006211529722314713
-0.8700000000000001       0                        0.008611986602742214
-0.8500000000000001       0                        0.011380976007161122
-0.8300000000000001       0                        0.014509773451080211
-0.81                     0                        0.01798972328712812
-0.79                     0                        0.021812169867933516
-0.77                     0                        0.025968457546125055
-0.75                     0                        0.030449930674331372
-0.73                     0                        0.03524799282312282
-0.71                     0                        0.040354514141131156
-0.69                     0                        0.045761538848077196
-0.6699999999999999       0                        0.05146111116368174
-0.6499999999999999       0                        0.057445275307665564
-0.6299999999999999       0                        0.0637060754997495
-0.6099999999999999       0                        0.07023560277288161
-0.5900000000000001       0                        0.07702648251454014
-0.5700000000000001       0                        0.08407166904112597
-0.55                     0                        0.09136412099278272
-0.53                     0                        0.09889679700965417
-0.51                     0                        0.10666265573188402
-0.49                     0                        0.11465467641964795
-0.47                     0                        0.12286631259385651
-0.44999999999999996      0                        0.13129149203615503
-0.4300000000000001       0                        0.13992416314822076
-0.4100000000000001       0                        0.14875827433173114
-0.39000000000000007      0                        0.15778777398836344
-0.37000000000000005      0                        0.16700661484353796
-0.35000000000000003      0                        0.17640907855159746
-0.33                     0                        0.18598998112141493
-0.31000000000000005      0                        0.1957441853750905
-0.29000000000000004      0                        0.2056665541347245
-0.27                     0                        0.21575195022241717
-0.25                     0                        0.22599523646026876
-0.22999999999999998      0                        0.2363914497414685
-0.20999999999999996      0                        0.2469360935372671
-0.18999999999999995      0                        0.257624730536857
-0.16999999999999998      0                        0.2684529234294306
-0.14999999999999997      0                        0.2794162349041802
-0.12999999999999995      0                        0.2905102276502984
-0.10999999999999993      0                        0.3017305331940972
-0.08999999999999991      0                        0.3130730758214271
-0.0699999999999999       0                        0.3245338006899179
-0.050000000000000044     0                        0.33610864925410283
-0.030000000000000027     0                        0.3477935629685153
-0.010000000000000009     0                        0.35958448328768855
0.010000000000000009      0                        0.371477363037533
0.030000000000000027      0                        0.3834682338553947
0.050000000000000044      0                        0.3955531046732565
0.07000000000000006       0                        0.4077279754911181
0.09000000000000008       0                        0.4199888463089798
0.1100000000000001        0                        0.4323317171268415
0.1299999999999999        0                        0.444752587944703
0.1499999999999999        0                        0.4572474587625645
0.16999999999999993       0                        0.46981232958042596
0.18999999999999995       0                        0.4824432003982874
0.20999999999999996       0                        0.4951360712161486
0.22999999999999998       0                        0.5078869420340099
0.25                      0                        0.5206918128518708
0.27                      0                        0.5335465065863984
0.29000000000000004       0                        0.5464471794875925
0.31000000000000005       0                        0.559390331555453
0.33000000000000007       0                        0.5723724627899801
0.3500000000000001        0                        0.5853900731911738
0.3700000000000001        0                        0.5984396627590337
0.3899999999999999        0                        0.6115178018060601
0.4099999999999999        0                        0.6246216726239199
0.42999999999999994       0                        0.6377487726084461
0.44999999999999996       0                        0.6508966017596388
0.47                      0                        0.664062660077498
0.49                      0                        0.6772444475620237
0.51                      0                        0.6904394850465492
0.53                      0                        0.7036457725310746
0.55                      0                        0.7168617891822666
0.5700000000000001        0                        0.7300860350001251
0.5900000000000001        0                        0.7433170099846502
0.6100000000000001        0                        0.756553214135842
0.6299999999999999        0                        0.7697931500578666
0.6499999999999999        0                        0.7830356354590579
0.6699999999999999        0                        0.796280100026916
0.69                      0                        0.8095260437614406
0.71                      0                        0.8227729666626318
0.73                      0                        0.8360203687304898
0.75                      0                        0.8492677499650144
0.77                      0                        0.8625149541162057
0.79                      0                        0.875762158267397
0.81                      0                        0.8890093624185884
0.8300000000000001        0                        0.9022565665697797
0.8500000000000001        0                        0.9155037707209711
0.8700000000000001        0                        0.9287509748721624
0.8899999999999999        0                        0.9419981790233538
0.9099999999999999        0                        0.9552453831745453
0.9299999999999999        0                        0.9684925873257367
0.95                      0                        0.9817397914769282
0.97                      0                        0.9949869956281199
0.99                      0                        1.0082341997793114
