-0.99                     0                        0.0020476675558341335
-0.97                     0                        0.006140561170839151
-0.95                     0                        0.010226231812653598
-0.9299999999999999       0                        0.014299918308109975
-0.9099999999999999       0                        0.018356859484040772
-0.8899999999999999       0                        0.022392294167278507
-0.8700000000000001       0                        0.02640145748155906
-0.8500000000000001       0                        0.03037960542239795
-0.8300000000000001       0                        0.034322286744848676
-0.81                     0                        0.038225119041084624
-0.79                     0                        0.042083719903279186
-0.77                     0                        0.04589370692360576
-0.75                     0                        0.04965069769423774
-0.73                     0                        0.0533503690252902
-0.71                     0                        0.05698886430493964
-0.69                     0                        0.06056250099245163
-0.6699999999999999       0                        0.0640675965470917
-0.6499999999999999       0                        0.06750046842812539
-0.6299999999999999       0                        0.07085743409481822
-0.6099999999999999       0                        0.07413485781966303
-0.5900000000000001       0                        0.07732963822968286
-0.5700000000000001       0                        0.08043900288082323
-0.55                     0                        0.08346018365277255
-0.53                     0                        0.08639041242521933
-0.51                     0                        0.08922692107785203
-0.49                     0                        0.09196696211039107
-0.47                     0                        0.09460826228329172
-0.44999999999999996      0                        0.0971490226177441
-0.4300000000000001       0                        0.0995874647549702
-0.4100000000000001       0                        0.10192181033619215
-0.39000000000000007      0                        0.10415028100263193
-0.37000000000000005      0                        0.10627110271925469
-0.35000000000000003      0                        0.10828283037994783
-0.33                     0                        0.1101845532331291
-0.31000000000000005      0                        0.11197540734044346
-0.29000000000000004      0                        0.11365452876353592
-0.27                     0                        0.11522105356405145
-0.25                     0                        0.11667411780363503
-0.22999999999999998      0                        0.11801303161502066
-0.20999999999999996      0                        0.11923757170900386
-0.18999999999999995      0                        0.1203475740143217
-0.16999999999999998      0                        0.12134287445971133
-0.14999999999999997      0                        0.12222330897390989
-0.12999999999999995      0                        0.12298871348565452
-0.10999999999999993      0                        0.12363899276080222
-0.08999999999999991      0                        0.12417434432474807
-0.0699999999999999       0                        0.1245949865746667
-0.050000000000000044     0                        0.12490113420463607
-0.030000000000000027     0                        0.1250930019087343
-0.010000000000000009     0                        0.12517080438103934
0.010000000000000009      0                        0.1251347676870064
0.030000000000000027      0                        0.12498519670352634
0.050000000000000044      0                        0.12472237360212655
0.07000000000000006       0                        0.12434657162235184
0.09000000000000008       0                        0.1238580640037469
0.1100000000000001        0                        0.12325712398585646
0.1299999999999999        0                        0.1225440248082253
0.1499999999999999        0                        0.12171903971039809
0.16999999999999993       0                        0.12078244193191962
0.18999999999999995       0                        0.1197345047123346
0.20999999999999996       0                        0.11857550129118778
0.22999999999999998       0                        0.11730570490802389
0.25                      0                        0.11592538880238765
0.27                      0                        0.11443464913049048
0.29000000000000004       0                        0.11283391538187708
0.31000000000000005       0                        0.11112396079609224
0.33000000000000007       0                        0.10930555861268065
0.3500000000000001        0                        0.10737948207118708
0.3700000000000001        0                        0.10534650441115624
0.3899999999999999        0                        0.10320746918463292
0.4099999999999999        0                        0.10096383192282841
0.42999999999999994       0                        0.09861736326112089
0.44999999999999996       0                        0.09616983643905505
0.47                      0                        0.09362302469617566
0.49                      0                        0.0909787012720274
0.51                      0                        0.08823866023948836
0.53                      0                        0.08540517483810331
0.55                      0                        0.0824809974740836
0.5700000000000001        0                        0.07946890138697404
0.5900000000000001        0                        0.07637165981631928
0.6100000000000001        0                        0.07319204600166412
0.6299999999999999        0                        0.06993283578671995
0.6499999999999999        0                        0.06659712011936479
0.6699999999999999        0                        0.06318860192664344
0.69                      0                        0.0597110544481006
0.71                      0                        0.05616825092328102
0.73                      0                        0.05256396459172943
0.75                      0                        0.048901968692990565
0.77                      0                        0.04518638021660917
0.79                      0                        0.04142164948546331
0.81                      0                        0.03761204973909772
0.8300000000000001        0                        0.03376185421705715
0.8500000000000001        0                        0.029875336158886313
0.8700000000000001        0                        0.025956768804129955
0.8899999999999999        0                        0.022010425392332864
0.9099999999999999        0                        0.018040579163039677
0.9299999999999999        0                        0.014051503355795181
0.95                      0                        0.010047471210144111
0.97                      0                        0.0060327559656312025
0.99                      0                        0.00201163086180119
