-0.99                     0                        3.9975828141046416E-5
-0.97                     0                        1.201438145538776E-4
-0.95                     0                        2.0090975246372732E-4
-0.9299999999999999       0                        2.826450554578363E-4
-0.9099999999999999       0                        3.6572113712344504E-4
-0.8899999999999999       0                        4.505094110477942E-4
-0.8700000000000001       0                        5.373832869847084E-4
-0.8500000000000001       0                        6.267074198590688E-4
-0.8300000000000001       0                        7.186948420986412E-4
-0.81                     0                        8.135223778741303E-4
-0.79                     0                        9.11366851356241E-4
-0.77                     0                        0.0010124050867156781
-0.75                     0                        0.0011168139081231463
-0.73                     0                        0.0012247442459700374
-0.71                     0                        0.0013360925634004624
-0.69                     0                        0.0014506539837142055
-0.6699999999999999       0                        0.0015682236302110495
-0.6499999999999999       0                        0.0016885966261907775
-0.6299999999999999       0                        0.0018115680949531737
-0.6099999999999999       0                        0.001936913293344529
-0.5900000000000001       0                        0.00206409593800432
-0.5700000000000001       0                        0.0021923605734047026
-0.55                     0                        0.0023209481790705607
-0.53                     0                        0.00244909973452678
-0.51                     0                        0.0025760562192982464
-0.49                     0                        0.0027010511373320345
-0.47                     0                        0.0028230161304695213
-0.44999999999999996      0                        0.002940508798548591
-0.4300000000000001       0                        0.003052064829849757
-0.4100000000000001       0                        0.003156219912653535
-0.39000000000000007      0                        0.0032515097352404368
-0.37000000000000005      0                        0.0033364692439495675
-0.35000000000000003      0                        0.003409401831754874
-0.33                     0                        0.003468084924831711
-0.31000000000000005      0                        0.0035102248766937356
-0.29000000000000004      0                        0.003533528040854605
-0.27                     0                        0.003535700770827976
-0.25                     0                        0.0035144494201275046
-0.22999999999999998      0                        0.003467342383088635
-0.20999999999999996      0                        0.003391333715767247
-0.18999999999999995      0                        0.0032832082642576476
-0.16999999999999998      0                        0.0031397508746541466
-0.14999999999999997      0                        0.002957746393051053
-0.12999999999999995      0                        0.002733979665542674
-0.10999999999999993      0                        0.002465171234558295
-0.08999999999999991      0                        0.0021474494356443813
-0.0699999999999999       0                        0.0017766238932669322
-0.050000000000000044     0                        0.0013485011864617586
-0.030000000000000027     0                        8.588878942646628E-4
-0.010000000000000009     0                        3.0359059571145555E-4
0.010000000000000009      0                        3.213260709552137E-4
0.030000000000000027      0                        0.001013862105735345
0.050000000000000044      0                        0.001766082146871587
0.07000000000000006       0                        0.0025697927733997488
0.09000000000000008       0                        0.0034168005643556384
0.1100000000000001        0                        0.004298912098775064
0.1299999999999999        0                        0.0052079370011240125
0.1499999999999999        0                        0.006136003606948973
0.16999999999999993       0                        0.007075832458679218
0.18999999999999995       0                        0.008020208402409055
0.20999999999999996       0                        0.008961916284232792
0.22999999999999998       0                        0.009893740950244742
0.25                      0                        0.010808467246539211
0.27                      0                        0.011699049229172078
0.29000000000000004       0                        0.012559055292478787
0.31000000000000005       0                        0.01338219178997299
0.33000000000000007       0                        0.014162165075168352
0.3500000000000001        0                        0.014892681501578523
0.3700000000000001        0                        0.015567447422717165
0.3899999999999999        0                        0.016180240264759626
0.4099999999999999        0                        0.016725363420679863
0.42999999999999994       0                        0.017197351836816976
0.44999999999999996       0                        0.017590741201451477
0.47                      0                        0.017900067202863877
0.49                      0                        0.018119865529334693
0.51                      0                        0.01824486044736848
0.53                      0                        0.018273983598806613
0.55                      0                        0.018210301820929493
0.5700000000000001        0                        0.01805705609326201
0.5900000000000001        0                        0.017817487395329054
0.6100000000000001        0                        0.017494836706655508
0.6299999999999999        0                        0.01709234857171352
0.6499999999999999        0                        0.01661348670714258
0.6699999999999999        0                        0.01606202636978897
0.69                      0                        0.015441762682952475
0.71                      0                        0.014756490769932882
0.73                      0                        0.014010005754029968
0.75                      0                        0.013206102758543524
0.77                      0                        0.012348678246617653
0.79                      0                        0.011441883148643757
0.81                      0                        0.010489894288792535
0.8300000000000001        0                        0.00949688849123469
0.8500000000000001        0                        0.008467042580140931
0.8700000000000001        0                        0.007404533379681954
0.8899999999999999        0                        0.006313573922285548
0.9099999999999999        0                        0.005198528862876562
0.9299999999999999        0                        0.004063771611208837
0.95                      0                        0.0029136735808696114
0.97                      0                        0.0017526061854461256
0.99                      0                        5.849408385256214E-4
